%YAML:1.0
---
opencv_ml_knn:
   format: 3
   is_classifier: 1
   default_k: 10
   samples: !!opencv-matrix
      rows: 6
      cols: 300
      dt: f
      data: [ 143., 149., 153., 140., 147., 150., 145., 152., 155., 146.,
          150., 153., 144., 149., 152., 144., 149., 152., 149., 154.,
          157., 141., 153., 156., 149., 159., 162., 153., 159., 164.,
          144., 151., 151., 140., 148., 148., 142., 148., 149., 83., 87.,
          88., 74., 76., 77., 147., 149., 150., 144., 148., 149., 45.,
          58., 58., 151., 159., 159., 156., 162., 167., 146., 154., 154.,
          142., 150., 150., 148., 153., 154., 114., 118., 119., 142.,
          144., 145., 145., 147., 148., 146., 148., 151., 62., 75., 75.,
          156., 166., 167., 149., 155., 160., 145., 150., 151., 144.,
          149., 150., 46., 50., 51., 58., 60., 61., 21., 23., 24., 127.,
          129., 130., 55., 57., 57., 32., 39., 44., 46., 55., 59., 153.,
          160., 163., 134., 138., 139., 29., 32., 36., 36., 38., 39.,
          22., 24., 25., 137., 139., 140., 108., 107., 109., 140., 144.,
          145., 93., 100., 105., 150., 154., 159., 156., 162., 167.,
          147., 151., 152., 15., 18., 20., 39., 41., 42., 26., 28., 29.,
          130., 132., 133., 150., 155., 155., 57., 60., 62., 109., 117.,
          121., 153., 159., 164., 150., 159., 163., 149., 153., 154.,
          33., 37., 38., 74., 76., 77., 32., 34., 35., 38., 40., 41.,
          143., 148., 149., 141., 145., 146., 113., 119., 124., 151.,
          162., 166., 152., 162., 165., 148., 152., 153., 149., 153.,
          154., 145., 149., 150., 137., 141., 142., 141., 145., 146.,
          142., 145., 149., 135., 140., 143., 113., 122., 126., 153.,
          162., 166., 154., 163., 167., 148., 152., 153., 148., 152.,
          153., 147., 153., 154., 148., 156., 156., 143., 148., 149.,
          147., 151., 157., 126., 132., 139., 148., 157., 160., 153.,
          162., 165., 153., 162., 166., 147., 152., 154., 149., 153.,
          154., 150., 157., 157., 150., 160., 160., 140., 150., 150.,
          146., 157., 161., 147., 156., 160., 151., 160., 164., 151.,
          160., 164., 153., 162., 166., 124., 128., 133., 123., 126.,
          134., 129., 136., 139., 122., 129., 132., 121., 128., 131.,
          134., 137., 142., 129., 133., 138., 135., 143., 149., 132.,
          139., 148., 133., 139., 149., 125., 128., 133., 122., 126.,
          131., 117., 124., 127., 79., 86., 89., 43., 47., 52., 9., 13.,
          18., 129., 133., 137., 130., 137., 141., 131., 139., 146.,
          133., 141., 147., 125., 131., 136., 122., 127., 132., 120.,
          125., 126., 79., 84., 85., 121., 125., 126., 122., 126., 127.,
          124., 128., 129., 129., 137., 137., 129., 139., 139., 135.,
          144., 144., 125., 132., 135., 126., 130., 135., 128., 130.,
          130., 22., 26., 27., 120., 124., 125., 106., 110., 111., 76.,
          80., 81., 88., 96., 96., 130., 141., 141., 135., 145., 145.,
          125., 127., 131., 28., 32., 36., 59., 62., 62., 60., 64., 65.,
          120., 123., 124., 22., 26., 27., 129., 132., 133., 121., 123.,
          124., 68., 72., 73., 141., 144., 145., 130., 129., 131., 15.,
          18., 19., 128., 130., 131., 25., 27., 28., 116., 119., 120.,
          42., 44., 45., 131., 133., 134., 123., 126., 127., 72., 74.,
          75., 136., 134., 136., 134., 136., 137., 42., 44., 45., 115.,
          117., 118., 27., 29., 30., 83., 85., 86., 54., 56., 57., 132.,
          134., 135., 134., 137., 137., 122., 124., 125., 143., 145.,
          146., 133., 135., 136., 21., 23., 24., 104., 106., 107., 38.,
          40., 41., 29., 31., 32., 20., 22., 23., 126., 128., 129., 105.,
          107., 108., 140., 142., 143., 146., 150., 149., 135., 137.,
          138., 134., 136., 137., 138., 140., 141., 135., 137., 138.,
          130., 132., 133., 136., 138., 139., 110., 112., 112., 24., 26.,
          27., 146., 148., 149., 143., 147., 148., 138., 140., 141.,
          137., 139., 140., 140., 142., 143., 136., 140., 141., 131.,
          134., 135., 137., 140., 141., 144., 146., 147., 127., 130.,
          131., 144., 147., 148., 149., 152., 154., 138., 147., 151.,
          141., 150., 154., 134., 143., 147., 133., 142., 146., 137.,
          146., 149., 139., 146., 151., 140., 147., 154., 143., 149.,
          156., 144., 151., 154., 145., 151., 158., 135., 144., 148.,
          136., 145., 149., 133., 142., 145., 119., 126., 130., 133.,
          140., 143., 130., 139., 146., 132., 142., 149., 138., 145.,
          152., 140., 148., 151., 144., 151., 158., 139., 148., 152.,
          139., 148., 152., 119., 128., 132., 120., 127., 130., 133.,
          140., 143., 132., 141., 144., 102., 111., 114., 136., 143.,
          146., 139., 146., 149., 143., 149., 154., 136., 145., 149.,
          114., 123., 127., 3., 11., 15., 127., 135., 135., 134., 142.,
          142., 136., 144., 144., 106., 114., 114., 138., 146., 146.,
          138., 145., 148., 143., 149., 153., 141., 150., 154., 129.,
          138., 141., 49., 58., 61., 81., 89., 88., 137., 145., 145.,
          75., 83., 83., 24., 32., 32., 49., 56., 58., 60., 66., 73.,
          145., 151., 156., 136., 143., 146., 83., 91., 91., 49., 56.,
          58., 106., 114., 114., 22., 30., 30., 127., 135., 134., 61.,
          69., 68., 131., 139., 139., 36., 43., 46., 137., 144., 147.,
          137., 144., 147., 131., 139., 139., 123., 131., 131., 76., 84.,
          84., 51., 59., 59., 101., 109., 108., 132., 140., 139., 142.,
          150., 150., 79., 87., 88., 143., 151., 151., 139., 146., 149.,
          16., 24., 24., 108., 116., 116., 135., 143., 143., 45., 53.,
          53., 31., 39., 38., 58., 64., 63., 26., 34., 34., 148., 156.,
          156., 148., 155., 158., 142., 149., 152., 131., 139., 139.,
          110., 118., 118., 135., 143., 143., 142., 150., 150., 137.,
          142., 143., 141., 146., 147., 36., 44., 44., 142., 150., 150.,
          144., 151., 154., 142., 149., 152., 139., 149., 152., 144.,
          152., 155., 142., 152., 152., 139., 149., 150., 139., 148.,
          151., 140., 151., 153., 141., 149., 148., 139., 147., 147.,
          145., 155., 156., 133., 139., 138., 131., 137., 136., 125.,
          131., 130., 132., 137., 140., 128., 133., 136., 127., 131.,
          136., 96., 101., 104., 137., 141., 146., 136., 140., 145.,
          141., 145., 150., 131., 136., 135., 126., 131., 130., 128.,
          133., 132., 103., 106., 111., 124., 127., 132., 127., 130.,
          135., 24., 27., 31., 95., 98., 103., 136., 139., 144., 137.,
          140., 145., 135., 140., 139., 131., 136., 135., 48., 53., 52.,
          28., 31., 36., 84., 87., 92., 128., 131., 136., 28., 31., 36.,
          128., 131., 136., 134., 137., 142., 137., 140., 145., 132.,
          136., 137., 130., 134., 135., 44., 48., 49., 104., 107., 112.,
          131., 134., 139., 130., 133., 138., 35., 38., 43., 40., 43.,
          48., 105., 108., 113., 134., 137., 142., 119., 123., 124., 97.,
          100., 104., 101., 104., 108., 24., 27., 32., 112., 115., 120.,
          31., 34., 39., 129., 132., 137., 118., 121., 126., 82., 85.,
          89., 144., 147., 151., 135., 139., 140., 118., 121., 125.,
          129., 132., 137., 91., 94., 99., 126., 129., 133., 51., 54.,
          59., 27., 30., 35., 19., 22., 26., 83., 87., 88., 142., 145.,
          149., 137., 140., 144., 131., 134., 139., 33., 36., 41., 114.,
          117., 122., 119., 122., 127., 124., 127., 132., 136., 137.,
          141., 131., 134., 139., 136., 140., 140., 143., 147., 148.,
          137., 140., 144., 114., 117., 122., 120., 123., 128., 129.,
          132., 137., 63., 66., 71., 138., 141., 146., 135., 140., 141.,
          134., 139., 143., 138., 144., 143., 143., 148., 149., 139.,
          141., 149., 138., 141., 145., 117., 120., 125., 133., 136.,
          141., 52., 55., 60., 135., 140., 143., 135., 143., 142., 137.,
          142., 144., 138., 143., 144., 142., 147., 148., 140., 143.,
          148., 139., 142., 147., 138., 141., 146., 91., 94., 98., 133.,
          136., 140., 138., 142., 147., 137., 147., 147., 140., 148.,
          149., 136., 144., 144., 140., 148., 148., 255., 255., 255.,
          255., 255., 255., 254., 254., 254., 0., 0., 0., 241., 241.,
          241., 241., 241., 241., 241., 241., 241., 241., 241., 241.,
          241., 241., 241., 255., 255., 255., 255., 255., 255., 255.,
          255., 255., 255., 255., 255., 255., 255., 255., 255., 255.,
          255., 6., 6., 6., 255., 255., 255., 255., 255., 255., 255.,
          255., 255., 255., 255., 255., 255., 255., 255., 255., 255.,
          255., 255., 255., 255., 255., 255., 255., 255., 255., 255.,
          255., 255., 255., 255., 255., 255., 255., 255., 255., 255.,
          255., 255., 255., 255., 255., 255., 255., 255., 255., 255.,
          255., 255., 255., 255., 255., 255., 255., 255., 255., 255.,
          255., 255., 255., 255., 255., 255., 255., 255., 255., 255.,
          255., 255., 255., 255., 255., 255., 255., 255., 115., 115.,
          115., 254., 254., 254., 255., 255., 255., 255., 255., 255.,
          255., 255., 255., 255., 255., 255., 255., 255., 255., 254.,
          254., 254., 255., 255., 255., 254., 254., 254., 255., 255.,
          255., 255., 255., 255., 255., 255., 255., 255., 255., 255.,
          255., 255., 255., 0., 0., 0., 255., 255., 255., 255., 255.,
          255., 255., 255., 255., 90., 90., 90., 255., 255., 255., 0.,
          0., 0., 255., 255., 255., 255., 255., 255., 255., 255., 255.,
          255., 255., 255., 255., 255., 255., 254., 254., 254., 255.,
          255., 255., 255., 255., 255., 255., 255., 255., 254., 254.,
          254., 255., 255., 255., 255., 255., 255., 255., 255., 255.,
          255., 255., 255., 255., 255., 255., 245., 245., 245., 255.,
          255., 255., 255., 255., 255., 255., 255., 255., 255., 255.,
          255., 255., 255., 255., 255., 255., 255., 255., 255., 255.,
          255., 255., 255., 255., 255., 255., 255., 255., 255., 255.,
          255., 255., 255., 255., 255., 255., 255., 255., 255., 255.,
          255., 254., 254., 254., 13., 13., 13., 13., 13., 13., 13., 13.,
          13., 241., 241., 241., 255., 255., 255., 255., 255., 255.,
          255., 255., 255., 255., 255., 255., 254., 254., 254., 0., 0.,
          0., 241., 241., 241., 241., 241., 241., 241., 241., 241., 241.,
          241., 241., 241., 241., 241., 255., 255., 255., 255., 255.,
          255., 255., 255., 255., 255., 255., 255., 255., 255., 255.,
          255., 255., 255., 6., 6., 6., 255., 255., 255., 255., 255.,
          255., 255., 255., 255., 255., 255., 255., 255., 255., 255.,
          255., 255., 255., 255., 255., 255., 255., 255., 255., 255.,
          255., 255., 255., 255., 255., 255., 255., 255., 255., 255.,
          255., 255., 255., 255., 255., 255., 255., 255., 255., 255.,
          255., 255., 255., 255., 255., 255., 255., 255., 255., 255.,
          255., 255., 255., 255., 255., 255., 255., 255., 255., 255.,
          255., 255., 255., 255., 255., 255., 255., 255., 255., 255.,
          115., 115., 115., 254., 254., 254., 255., 255., 255., 255.,
          255., 255., 255., 255., 255., 255., 255., 255., 255., 255.,
          255., 254., 254., 254., 255., 255., 255., 254., 254., 254.,
          255., 255., 255., 255., 255., 255., 255., 255., 255., 255.,
          255., 255., 255., 255., 255., 0., 0., 0., 255., 255., 255.,
          255., 255., 255., 255., 255., 255., 90., 90., 90., 255., 255.,
          255., 0., 0., 0., 255., 255., 255., 255., 255., 255., 255.,
          255., 255., 255., 255., 255., 255., 255., 255., 254., 254.,
          254., 255., 255., 255., 255., 255., 255., 255., 255., 255.,
          254., 254., 254., 255., 255., 255., 255., 255., 255., 255.,
          255., 255., 255., 255., 255., 255., 255., 255., 245., 245.,
          245., 255., 255., 255., 255., 255., 255., 255., 255., 255.,
          255., 255., 255., 255., 255., 255., 255., 255., 255., 255.,
          255., 255., 255., 255., 255., 255., 255., 255., 255., 255.,
          255., 255., 255., 255., 255., 255., 255., 255., 255., 255.,
          255., 255., 255., 254., 254., 254., 13., 13., 13., 13., 13.,
          13., 13., 13., 13., 241., 241., 241., 255., 255., 255., 255.,
          255., 255. ]
   responses: !!opencv-matrix
      rows: 6
      cols: 1
      dt: f
      data: [ 196205., 195230., 214225., 233241., 195230., 233157. ]
